     0/299     7.12G      4.73      1.41      2.04      8.18        17       640     0.144     0.176     0.115     0.146      4.18     0.841      1.44
     1/299      7.1G      4.13     0.797      1.38       6.3        21       512     0.205      0.22     0.153     0.203      4.04     0.699      1.31
     2/299      7.1G      3.94     0.705      1.37      6.01        17       448     0.175     0.219     0.138     0.188      4.04     0.589       1.3
     3/299      7.1G      3.76     0.651      1.28      5.69        11       448     0.255      0.26     0.189     0.225      3.79     0.599      1.12
     4/299      7.1G      3.67     0.624      1.16      5.45        18       448     0.217     0.285      0.19     0.243      3.92     0.581      1.08
     5/299     7.11G      3.62      0.61      1.06      5.29        17       576      0.27     0.283     0.217     0.254      3.88      0.58      1.08
     6/299     7.11G      3.59     0.613      1.07      5.28        21       448      0.23     0.317     0.214     0.265      3.71     0.571     0.973
     7/299     7.11G      3.48     0.627      1.01      5.11        35       384     0.259     0.332     0.237     0.275      3.74     0.566      1.05
     8/299     7.11G      3.54     0.612      1.06      5.21        33       384     0.303     0.317     0.248       0.3      3.66     0.574     0.935
     9/299     7.11G      3.46     0.602         1      5.06        12       448     0.324     0.337     0.268     0.303      3.65     0.567     0.973
    10/299     7.11G      3.48     0.622      1.02      5.12         6       512     0.293     0.354     0.255     0.308      3.63     0.564     0.911
    11/299     7.11G      3.42     0.599     0.971      4.99        19       448     0.314     0.341     0.257     0.309      3.64      0.57     0.941
    12/299     7.11G      3.44     0.593     0.948      4.98        21       640     0.322      0.35     0.266     0.324      3.57     0.564     0.884
    13/299     7.11G      3.39     0.611     0.967      4.97        37       320     0.266     0.358     0.227      0.29      3.68     0.555      1.01
    14/299     7.11G      3.41     0.598     0.936      4.95        17       640     0.281     0.364     0.246     0.312      3.56     0.562     0.875
    15/299     7.11G      3.36     0.607      0.92      4.88        22       512     0.305      0.35     0.259     0.312      3.54     0.563     0.879
    16/299     7.11G      3.32     0.617       0.9      4.83        18       320      0.31     0.375     0.288     0.334       3.6     0.562     0.872
    17/299     7.11G      3.39     0.605     0.921      4.91        15       640     0.274     0.352     0.256     0.298      3.57     0.565     0.925
    18/299     7.11G      3.38     0.592     0.924       4.9        18       512     0.304     0.375     0.277     0.319      3.56      0.56     0.853
    19/299     7.11G      3.33      0.59     0.892      4.81        11       384     0.263     0.341     0.245      0.29      3.56     0.561     0.884
    20/299     7.11G       3.3      0.61      0.87      4.78        23       640       0.3      0.36     0.266     0.323      3.57     0.558     0.886
    21/299     7.11G      3.31     0.611     0.871      4.79        22       384     0.272      0.33     0.238     0.279      3.63     0.559     0.925
    22/299     7.11G      3.29     0.606     0.897      4.79        14       576     0.283     0.364     0.283     0.314      3.56     0.559     0.866
    23/299     7.11G      3.34      0.59     0.866       4.8        21       640     0.313     0.376     0.295     0.333      3.54     0.558     0.856
    24/299     7.11G      3.32     0.601     0.828      4.75        22       576     0.311     0.388     0.267     0.332      3.55     0.555      0.91
    25/299     7.11G      3.28     0.589     0.859      4.72        12       512     0.291     0.382     0.293     0.321      3.53     0.558      0.89
    26/299     7.11G       3.3     0.609     0.824      4.73        16       448     0.337     0.393     0.301      0.35      3.54      0.56     0.906
    27/299     7.11G      3.28     0.612      0.85      4.74        16       448     0.314     0.377     0.286     0.337      3.56      0.56     0.887
    28/299     7.11G      3.29     0.591     0.808      4.69        20       576      0.28     0.387     0.289     0.323      3.52     0.561     0.863
    29/299     7.11G       3.3     0.581     0.796      4.68        19       320     0.346     0.385     0.297     0.353      3.53     0.556     0.861
    30/299     7.11G      3.26     0.591     0.881      4.73        36       640     0.299     0.389     0.248     0.328      3.53     0.558     0.892
    31/299     7.11G      3.29     0.596     0.833      4.72        34       448     0.295       0.4     0.288     0.337      3.53     0.557     0.858
    32/299     7.11G      3.28       0.6     0.785      4.66        14       384      0.34     0.397     0.305     0.359      3.51     0.558     0.868
    33/299     7.11G      3.29     0.582     0.791      4.67        35       384     0.313     0.418     0.285     0.354      3.53     0.564     0.883
    34/299     7.11G      3.28     0.596     0.788      4.67        18       512     0.343     0.395     0.286     0.356      3.51     0.558     0.863
    35/299     7.11G      3.25     0.593     0.783      4.63        27       320     0.332     0.383     0.289     0.347      3.51     0.555     0.869
    36/299     7.11G      3.27     0.583     0.769      4.62        27       384     0.354     0.433     0.303     0.384       3.5     0.554     0.822
    37/299     7.11G      3.22     0.587      0.79       4.6        31       640     0.365     0.395     0.309     0.363      3.48     0.556     0.838
    38/299     7.11G      3.22     0.585     0.766      4.57        21       384     0.303     0.398     0.264      0.34      3.54     0.557     0.889
    39/299     7.11G      3.23     0.586     0.765      4.58         8       576     0.322     0.421      0.29     0.358      3.54     0.557     0.895
    40/299     7.11G      3.25     0.596     0.757      4.61        31       640     0.314     0.378     0.292     0.334      3.52     0.559     0.875
    41/299     7.11G      3.19     0.598     0.784      4.57        13       384     0.302     0.406     0.265     0.341      3.53      0.56     0.871
    42/299     7.11G      3.22      0.59     0.759      4.57        22       512     0.317     0.416     0.288     0.356       3.5     0.564     0.852
    43/299     7.11G      3.25     0.575     0.755      4.58        25       448     0.316     0.424     0.291     0.358      3.48     0.554     0.853
    44/299     7.11G      3.15     0.615     0.726      4.49        39       576     0.292     0.417     0.276     0.337      3.55     0.557     0.939
    45/299     7.11G      3.21     0.593      0.76      4.57        54       640     0.338      0.41     0.297     0.363      3.51     0.559     0.907
    46/299     7.11G      3.21     0.595      0.75      4.55        30       640     0.351     0.403     0.284     0.366      3.51     0.557     0.874
    47/299     7.11G      3.24     0.587     0.747      4.57        23       640     0.331     0.434     0.306     0.373      3.51     0.553     0.849
    48/299     7.11G      3.22     0.582     0.755      4.56        24       448     0.321     0.434     0.299     0.365       3.5     0.558     0.902
    49/299     7.11G      3.19     0.607     0.775      4.57        27       640     0.319     0.444     0.321     0.368      3.53     0.561     0.894
    50/299     7.11G      3.22     0.593      0.74      4.55        18       640     0.333     0.398     0.302     0.354       3.5     0.559     0.882
    51/299     7.11G       3.2     0.574     0.723       4.5        17       448     0.369     0.412     0.313     0.374      3.49     0.551     0.858
    52/299     7.11G      3.17     0.585      0.74      4.49        38       512     0.336     0.425     0.302     0.368       3.5     0.556      0.89
    53/299     7.11G      3.15     0.596     0.712      4.46        23       320     0.341     0.434     0.303     0.376      3.49     0.558     0.881
    54/299     7.11G       3.2     0.616     0.714      4.53        20       384     0.344     0.422     0.307     0.373       3.5     0.556     0.863
    55/299     7.11G      3.16     0.579     0.692      4.43        29       320     0.324     0.433     0.295     0.369      3.52     0.557     0.844
    56/299     7.11G      3.14     0.591     0.667       4.4        16       320     0.354     0.429     0.315      0.38       3.5     0.554     0.884
    57/299     7.11G      3.16     0.589     0.699      4.45        14       448     0.351     0.442     0.313     0.386      3.48     0.551     0.836
    58/299     7.11G      3.15     0.586     0.673      4.41        11       320     0.339     0.436     0.321     0.377      3.48     0.557     0.869
    59/299     7.11G      3.17      0.59     0.676      4.43        14       576     0.361     0.438      0.32      0.39      3.48     0.558     0.851
    60/299     7.11G      3.16     0.578     0.693      4.43        24       512     0.326     0.414     0.299      0.36      3.48     0.555      0.85
    61/299     7.11G      3.17     0.594     0.669      4.43        20       640     0.325     0.423     0.304     0.364      3.49     0.552     0.842
    62/299     7.11G      3.17     0.571     0.689      4.43        17       512     0.344     0.429     0.321     0.377      3.46     0.557     0.855
    63/299     7.11G      3.15     0.596     0.679      4.42        15       448      0.35      0.45     0.324      0.39      3.49     0.558      0.92
    64/299     7.11G      3.13     0.593     0.687      4.41        19       320     0.345      0.44     0.302     0.382      3.46     0.555     0.853
    65/299     7.11G      3.12     0.606     0.675       4.4        13       384     0.349     0.438     0.301     0.384      3.49     0.555     0.855
    66/299     7.11G      3.14     0.602     0.635      4.37        25       384     0.338     0.447     0.307     0.382       3.5     0.556     0.894
    67/299     7.11G      3.15     0.576     0.658      4.38        25       576     0.311      0.41     0.289     0.351       3.5     0.556     0.891
    68/299     7.11G       3.1     0.592      0.65      4.35        11       320     0.349      0.42     0.306     0.373      3.47     0.556      0.89
    69/299     7.11G      3.07     0.601     0.618      4.29        22       448     0.347     0.433     0.324     0.382      3.49     0.556     0.859
    70/299     7.11G      3.13     0.588     0.616      4.33        30       576     0.351     0.426     0.312     0.382      3.49     0.555     0.891
    71/299     7.11G      3.17     0.582     0.587      4.33        24       576     0.346     0.435      0.31     0.382      3.49     0.554     0.894
    72/299     7.11G       3.1     0.588     0.623      4.31        20       384     0.329     0.403     0.289     0.359       3.5     0.555     0.901
    73/299     7.11G      3.14     0.583     0.609      4.33        30       448     0.363     0.448     0.328     0.397      3.48     0.553     0.903
    74/299     7.11G      3.13      0.57     0.587      4.29        24       448     0.366     0.443     0.323     0.397      3.46      0.55     0.917
    75/299     7.11G      3.11      0.59     0.638      4.34        40       448     0.377     0.443     0.324     0.402      3.47     0.554     0.898
    76/299     7.11G      3.15     0.581     0.599      4.33        34       448     0.373     0.452     0.331     0.405      3.47     0.553     0.873
    77/299     7.11G      3.08     0.593       0.6      4.27        19       512     0.357     0.436     0.315     0.386       3.5     0.555     0.886
    78/299     7.11G      3.09     0.591     0.624       4.3        21       512     0.352      0.44     0.312     0.387      3.49     0.553     0.858
    79/299     7.11G      3.11     0.586     0.582      4.28        36       512     0.358      0.44     0.315     0.391       3.5     0.554     0.864
    80/299     7.11G      3.09     0.589     0.614       4.3        13       448     0.347     0.443     0.308     0.385      3.48     0.553     0.866
    81/299     7.11G      3.08     0.579     0.601      4.26        13       640      0.36     0.446     0.326     0.394      3.48     0.551     0.873
    82/299     7.11G      3.14     0.566     0.584      4.29        30       448     0.376     0.448      0.33     0.404      3.48     0.553     0.902
    83/299     7.11G      3.09     0.581     0.598      4.27        18       512     0.347     0.419       0.3     0.376      3.49     0.553     0.871
    84/299     7.11G      3.11     0.569      0.58      4.26        16       320      0.36     0.423     0.316     0.383      3.48     0.554     0.876
    85/299     7.11G      3.11     0.582      0.58      4.28        14       512      0.35     0.433     0.323     0.384      3.47     0.552     0.907
    86/299     7.11G      3.09     0.569     0.541       4.2        17       320     0.348     0.435     0.323     0.384      3.48     0.554     0.912
    87/299     7.11G      3.07     0.587      0.61      4.27        22       640     0.337     0.415     0.299     0.368       3.5     0.555     0.911
    88/299     7.11G      3.06     0.583     0.568      4.21        24       448     0.347     0.416     0.302     0.374      3.48     0.555     0.883
    89/299     7.11G      3.06     0.593     0.537      4.19        12       512     0.344     0.423     0.312     0.375      3.48     0.556     0.901
    90/299     7.11G      3.05     0.577      0.55      4.18        20       320     0.354     0.435     0.317     0.386      3.49     0.557     0.905
    91/299     7.11G      3.07     0.587     0.582      4.24        19       512     0.343     0.421     0.297     0.373      3.49     0.556     0.897
    92/299     7.11G       3.1     0.569     0.549      4.22         6       384     0.344     0.422       0.3     0.375      3.48     0.555     0.889
    93/299     7.11G      3.03     0.587      0.56      4.18        21       576     0.349      0.42      0.31     0.377      3.47     0.555     0.902
    94/299     7.11G      3.03     0.575     0.538      4.15        18       576     0.343     0.421     0.313     0.374      3.48     0.554     0.906
    95/299     7.11G      3.05     0.576     0.542      4.17        29       512     0.343     0.416     0.305     0.371      3.48     0.553     0.908
    96/299     7.11G      3.05      0.59     0.545      4.18        23       576     0.328      0.41     0.301     0.361      3.48     0.555      0.93
    97/299     7.11G      3.08     0.578     0.531      4.18        13       320     0.344     0.428     0.304     0.378      3.48     0.555     0.914
    98/299     7.11G      3.01     0.591     0.558      4.16        16       512     0.354     0.425     0.304     0.382      3.47     0.555     0.917
    99/299     7.11G      3.02     0.597     0.517      4.13        14       576      0.35     0.422     0.303     0.378      3.47     0.556     0.918
   100/299     7.11G      3.01     0.576     0.509       4.1        20       384     0.344     0.411     0.304      0.37      3.48     0.554     0.932
   101/299     7.11G      3.08     0.563     0.489      4.13        18       512     0.355     0.428     0.302     0.383      3.48     0.554     0.949
   102/299     7.11G      3.03     0.583     0.491      4.11        26       384     0.349     0.433     0.316     0.382      3.48     0.555     0.944
   103/299     7.11G      3.01     0.572     0.478      4.06        20       320     0.369     0.447     0.323       0.4      3.48     0.555     0.932
   104/299     7.11G      2.97     0.591     0.487      4.05        10       640     0.352     0.441     0.305     0.388      3.48     0.557      0.93
   105/299     7.11G      3.01     0.581     0.508       4.1        12       384     0.355     0.437     0.305     0.388      3.47     0.556     0.914
   106/299     7.11G      3.04     0.571     0.482      4.09        18       640     0.367     0.447     0.322       0.4      3.47     0.555     0.921
   107/299     7.11G      3.03     0.582     0.458      4.07        24       384     0.355     0.444     0.321     0.393      3.47     0.555     0.911
   108/299     7.11G      3.02     0.571     0.469      4.06        21       640     0.353     0.431     0.313     0.385      3.47     0.555     0.932
   109/299     7.11G      2.97     0.584     0.482      4.04        21       576     0.354     0.428     0.311     0.383      3.46     0.556     0.938
   110/299     7.11G         3     0.581     0.471      4.05        15       576     0.355     0.434     0.309     0.387      3.46     0.558     0.963
   111/299     7.11G      3.01     0.572     0.483      4.07        27       576      0.35     0.435     0.318     0.385      3.47     0.557      0.97
   112/299     7.11G         3     0.576     0.472      4.05        18       384     0.357     0.439     0.318     0.391      3.47     0.556     0.986
   113/299     7.11G      2.99     0.584     0.428         4        20       384     0.352     0.436     0.318     0.387      3.48     0.556     0.995
   114/299     7.11G      3.05     0.557     0.453      4.06        21       576     0.358     0.441     0.316     0.392      3.48     0.554     0.989
   115/299     7.11G      3.02     0.568     0.488      4.08        36       512     0.339     0.415     0.302      0.37      3.48     0.554     0.971
   116/299     7.11G      2.98     0.585     0.466      4.03        29       512     0.322     0.406      0.29     0.356      3.49     0.554     0.972
   117/299     7.11G      2.98     0.563     0.423      3.97        16       640     0.328     0.406     0.288      0.36      3.49     0.555     0.981
   118/299     7.11G      2.99     0.566     0.451         4        39       384     0.336     0.415     0.294     0.368      3.49     0.556     0.986
   119/299     7.11G      2.96     0.576     0.443      3.98        31       384     0.352     0.418     0.296     0.378      3.49     0.557     0.969
   120/299     7.11G      2.95     0.582     0.424      3.96        39       384     0.349     0.424     0.294     0.379      3.49     0.557     0.974
   121/299     7.11G      2.95      0.57     0.447      3.97        24       320      0.36     0.422       0.3     0.383      3.48     0.557     0.973
   122/299     7.11G      2.99     0.559     0.411      3.96        22       640     0.349     0.416     0.292     0.375      3.48     0.556     0.978
   123/299     7.11G      2.97     0.566     0.391      3.93        11       384     0.357     0.428     0.311     0.385      3.48     0.555     0.988
   124/299     7.11G      2.91     0.584     0.442      3.93        26       640     0.353     0.429      0.31     0.384      3.48     0.556     0.983
   125/299     7.11G      2.93     0.575     0.437      3.94        15       448     0.356     0.435     0.315     0.388      3.48     0.556     0.965
   126/299     7.11G      2.95     0.569     0.417      3.93        29       576      0.36     0.432     0.314     0.387      3.48     0.556     0.969
   127/299     7.11G      2.93     0.559     0.403       3.9        38       320     0.354     0.426     0.313     0.382      3.48     0.555     0.978
   128/299     7.11G      2.91     0.565     0.405      3.88        16       640     0.359      0.43     0.311     0.386      3.49     0.556     0.985
   129/299     7.11G      2.92     0.578     0.408       3.9        32       576     0.358     0.431     0.308     0.387      3.49     0.556     0.987
   130/299     7.11G      2.91     0.573     0.376      3.86        22       512     0.368     0.429     0.306      0.39       3.5     0.556     0.997
   131/299     7.11G       2.9     0.566     0.374      3.84        21       640     0.365     0.426     0.311     0.387      3.49     0.556         1
   132/299     7.11G      2.89      0.57     0.405      3.86        28       448     0.361     0.421     0.312     0.382      3.49     0.557      1.01
   133/299     7.11G      2.87     0.581     0.413      3.87        59       448     0.357     0.426     0.312     0.384       3.5     0.558      1.01
   134/299     7.11G       2.9     0.578     0.423       3.9        23       512     0.358     0.429     0.311     0.386       3.5     0.559      1.01
   135/299     7.11G      2.91     0.564     0.391      3.87        16       640     0.349     0.419     0.307     0.377       3.5     0.559      1.01
   136/299     7.11G      2.91     0.565     0.414      3.89        20       576     0.355     0.431     0.312     0.386       3.5      0.56      1.01
   137/299     7.11G      2.88     0.572     0.374      3.83        18       576     0.358     0.431     0.314     0.387       3.5      0.56      1.01
   138/299     7.11G       2.9     0.563     0.378      3.84        12       384      0.36     0.429      0.31     0.387      3.49     0.561      1.02
   139/299     7.11G      2.86     0.552     0.371      3.79        21       384     0.351     0.424     0.307      0.38      3.49     0.561      1.02
   140/299     7.11G      2.88     0.555     0.354      3.78        18       640     0.349     0.423     0.306     0.378      3.49     0.561      1.03
   141/299     7.11G      2.85     0.563     0.377      3.79        17       320     0.369     0.437     0.317     0.395      3.49      0.56      1.03
   142/299     7.11G      2.84     0.568       0.4      3.81        23       384      0.37     0.437     0.318     0.396      3.49      0.56      1.03
   143/299     7.11G       2.9     0.555     0.376      3.83        26       448     0.362     0.428      0.31     0.387       3.5      0.56      1.04
   144/299     7.11G      2.84     0.574     0.364      3.78        22       448     0.353     0.422     0.305      0.38       3.5      0.56      1.04
   145/299     7.11G      2.84     0.573     0.377      3.79        31       640     0.352     0.422     0.306      0.38      3.51      0.56      1.04
   146/299     7.11G      2.84     0.568     0.363      3.77        11       320     0.365     0.432     0.318     0.392      3.51      0.56      1.05
   147/299     7.11G      2.82     0.557     0.323       3.7        20       640     0.363     0.432     0.318     0.391      3.51      0.56      1.06
   148/299     7.11G      2.85     0.538     0.338      3.73        15       640     0.363     0.434     0.322     0.391      3.51      0.56      1.06
   149/299     7.11G      2.82     0.557     0.352      3.73        23       384     0.362     0.433     0.319      0.39      3.52      0.56      1.07
   150/299     7.11G      2.85     0.538     0.371      3.76        23       512      0.36     0.434     0.321      0.39      3.52      0.56      1.07
   151/299     7.11G      2.82     0.561     0.359      3.74        18       384     0.347     0.424     0.305     0.378      3.52      0.56      1.07
   152/299     7.11G      2.84     0.563     0.332      3.73        20       320     0.345     0.423     0.304     0.377      3.52      0.56      1.08
   153/299     7.11G      2.81     0.553     0.318      3.68        13       640     0.344     0.425     0.305     0.377      3.52     0.561      1.08
   154/299     7.11G      2.76     0.572      0.32      3.66        32       320     0.344     0.425     0.306     0.377      3.52     0.561      1.08
   155/299     7.11G      2.78     0.567     0.313      3.66        13       448     0.346     0.425     0.304     0.378      3.52     0.561      1.08
   156/299     7.11G      2.78     0.557     0.332      3.67        14       384     0.342     0.423     0.304     0.376      3.52     0.561      1.08
   157/299     7.11G       2.8      0.54     0.317      3.65        17       448     0.352     0.434     0.319     0.386      3.52     0.561      1.08
   158/299     7.11G      2.75     0.551     0.305      3.61        12       384     0.346      0.43     0.319     0.381      3.53     0.561      1.09
   159/299     7.11G      2.73     0.558     0.311      3.59        28       384     0.348     0.432     0.318     0.382      3.53     0.562      1.09
   160/299     7.11G      2.77     0.554       0.3      3.62        20       512      0.35     0.434     0.318     0.385      3.53     0.562       1.1
   161/299     7.11G      2.76     0.547     0.317      3.63        29       448     0.351     0.435     0.317     0.386      3.53     0.562       1.1
   162/299     7.11G      2.78     0.546     0.324      3.65        24       512     0.351     0.436     0.318     0.386      3.53     0.563       1.1
   163/299     7.11G      2.74     0.552     0.311       3.6        14       384     0.351     0.437      0.32     0.387      3.53     0.563      1.11
   164/299     7.11G       2.7     0.558     0.302      3.56        16       512     0.351     0.435     0.317     0.386      3.54     0.563      1.11
   165/299     7.11G      2.73     0.554     0.291      3.58        27       320     0.352     0.435     0.316     0.387      3.54     0.563      1.11
   166/299     7.11G      2.73     0.548     0.279      3.55        19       512      0.35     0.431     0.313     0.384      3.54     0.564      1.11
   167/299     7.11G       2.7     0.548     0.285      3.53        17       512     0.349     0.431     0.313     0.383      3.54     0.564      1.12
   168/299     7.11G      2.72     0.544     0.273      3.53        28       640     0.345     0.427     0.309     0.379      3.54     0.565      1.12
   169/299     7.11G      2.72     0.537     0.286      3.54        28       640     0.347     0.428      0.31     0.381      3.54     0.565      1.12
   170/299     7.11G      2.68     0.546     0.286      3.52        41       320     0.347     0.428      0.31     0.381      3.54     0.565      1.13
   171/299     7.11G       2.7     0.534     0.312      3.55        23       384     0.345     0.426     0.308     0.379      3.54     0.565      1.13
   172/299     7.11G      2.66     0.541      0.29       3.5        25       384     0.344     0.426     0.308     0.378      3.54     0.565      1.13
   173/299     7.11G      2.65     0.549     0.278      3.48        23       448     0.345     0.427     0.309     0.379      3.55     0.566      1.13
   174/299     7.11G      2.65     0.552     0.276      3.47        19       576     0.345     0.426     0.309     0.379      3.55     0.566      1.13
   175/299     7.11G      2.68     0.536      0.26      3.47        14       512     0.345     0.425     0.308     0.378      3.55     0.566      1.13
   176/299     7.11G      2.66     0.536     0.295      3.49        43       448     0.347     0.427     0.309      0.38      3.55     0.567      1.13
   177/299     7.11G      2.67     0.531     0.287      3.49        30       320     0.347     0.428     0.308      0.38      3.55     0.567      1.14
   178/299     7.11G      2.66     0.538     0.262      3.46        28       384     0.345     0.425      0.31     0.378      3.55     0.567      1.14
   179/299     7.11G      2.64     0.532     0.269      3.45        17       576     0.348     0.425     0.311      0.38      3.55     0.567      1.14
   180/299     7.11G      2.67     0.515     0.249      3.43        26       640     0.345     0.424      0.31     0.378      3.56     0.567      1.15
   181/299     7.11G      2.63     0.539     0.282      3.45        17       384     0.345     0.423      0.31     0.377      3.56     0.568      1.15
   182/299     7.11G      2.66     0.537      0.28      3.48        31       640     0.347     0.423     0.311     0.378      3.56     0.568      1.15
   183/299     7.11G      2.63     0.536     0.245      3.41        43       320     0.344      0.42     0.309     0.375      3.56     0.568      1.16
   184/299     7.11G      2.63     0.523     0.223      3.38        39       576     0.344     0.421     0.309     0.376      3.56     0.568      1.16
   185/299     7.11G      2.61     0.524     0.227      3.36        16       448     0.343     0.421     0.308     0.375      3.56     0.568      1.16
   186/299     7.11G      2.59     0.534     0.242      3.36        41       576     0.344     0.421     0.308     0.376      3.56     0.568      1.17
   187/299     7.11G      2.56     0.529     0.223      3.31        35       448     0.343      0.42     0.308     0.375      3.56     0.569      1.17
   188/299     5.82G      2.84     0.541     0.351      3.74        17       576     0.318     0.367     0.249     0.323      3.69     0.566      1.05
